timestamp_ms,ax_g,ay_g,az_g
100002,-0.881,0.148,0.062
100012,-0.946,0.235,0.048
100022,-0.981,0.318,0.047
100032,-0.978,0.411,0.047
100042,-0.977,0.506,0.032
100052,-0.989,0.58,0.041
100062,-0.977,0.613,0.057
100075,-0.902,0.573,0.112
100085,-0.858,0.564,0.145
100095,-0.82,0.593,0.138
100105,-0.792,0.66,0.125
100115,-0.754,0.733,0.106
100125,-0.697,0.799,0.089
100135,-0.627,0.863,0.091
100145,-0.559,0.927,0.095
100155,-0.498,0.978,0.089
100165,-0.459,1.019,0.059
100175,-0.451,1.046,-0.011
100185,-0.448,1.046,-0.027
100195,-0.4,0.966,0.133
100205,-0.391,0.961,0.133
100215,-0.269,0.763,0.397
100225,-0.093,0.498,0.565
100235,0.058,0.236,0.622
100245,0.159,0.059,0.649
100255,0.226,0.003,0.676
100265,0.237,0.062,0.687
100275,0.215,0.12,0.672
100285,0.18,0.126,0.659
100295,0.172,0.132,0.661
100305,0.19,0.184,0.639
100315,0.226,0.29,0.653
100325,0.27,0.422,0.689
100335,0.332,0.552,0.71
100345,0.392,0.654,0.699
100355,0.443,0.719,0.709
100365,0.475,0.745,0.725
100375,0.498,0.733,0.743
100385,0.538,0.698,0.777
100395,0.59,0.646,0.792
100405,0.66,0.574,0.832
100415,0.724,0.493,0.904
100425,0.76,0.404,0.945
100435,0.772,0.316,0.956
100445,0.78,0.231,0.937
100455,0.805,0.167,0.934
100465,0.852,0.113,0.957
100475,0.884,0.071,0.965
100485,0.898,0.041,0.973
100495,0.879,0.02,0.952
100505,0.882,0.008,0.943
100515,0.908,0.011,0.944
100525,0.938,0.013,0.919
100535,0.97,0.01,0.906
100545,0.996,-0.007,0.888
100555,1.022,-0.031,0.898
100565,1.032,-0.048,0.933
100575,1.014,-0.049,0.935
100585,0.976,-0.05,0.902
100595,0.95,-0.065,0.854
100605,0.955,-0.096,0.812
100615,0.994,-0.122,0.798
100625,1.026,-0.133,0.791
100635,1.025,-0.136,0.771
100645,1.006,-0.143,0.743
100655,0.984,-0.124,0.727
100665,0.985,-0.09,0.703
100675,0.998,-0.065,0.668
100685,1.018,-0.059,0.618
100695,1.039,-0.07,0.571
100705,1.054,-0.098,0.523
100715,1.067,-0.145,0.473
100725,1.09,-0.196,0.439
100735,1.122,-0.245,0.423
100745,1.16,-0.294,0.406
100755,1.189,-0.354,0.383
100765,1.191,-0.411,0.359
100775,1.177,-0.455,0.344
100785,1.15,-0.47,0.342
100795,1.125,-0.465,0.366
100805,1.104,-0.448,0.383
100815,1.082,-0.434,0.393
100825,1.062,-0.428,0.384
100835,1.046,-0.424,0.36
100845,1.038,-0.422,0.332
100855,1.043,-0.411,0.311
100865,1.069,-0.383,0.306
100875,1.105,-0.356,0.299
100885,1.148,-0.346,0.292
100895,1.191,-0.326,0.281
100905,1.203,-0.317,0.275
100915,1.193,-0.291,0.277
100925,1.174,-0.253,0.274
100935,1.147,-0.198,0.277
100945,1.129,-0.144,0.277
100955,1.122,-0.109,0.261
100965,1.121,-0.109,0.245
100975,1.118,-0.122,0.235
100985,1.117,-0.125,0.235
100995,1.112,-0.108,0.24
101005,1.122,-0.089,0.253
101015,1.147,-0.072,0.253
101025,1.19,-0.06,0.262
101035,1.231,-0.056,0.25
101045,1.256,-0.05,0.234
101055,1.263,-0.036,0.225
101065,1.257,-0.031,0.221
101075,1.244,-0.036,0.202
101085,1.231,-0.035,0.176
101095,1.228,-0.024,0.15
101105,1.239,-0.008,0.141
101115,1.249,-0.016,0.123
101125,1.253,-0.047,0.084
101135,1.252,-0.057,0.053
101145,1.252,-0.049,0.05
101155,1.257,-0.025,0.062
101165,1.261,0.002,0.069
101175,1.261,0.002,0.069
101185,1.258,0.015,0.066
101195,1.238,0.02,0.066
101205,1.175,0.028,0.047
101215,1.107,0.044,0.019
101225,1.034,0.062,0.019
101235,0.974,0.066,0.003
101245,0.956,0.066,0.01
101255,0.981,0.073,0.01
101265,1.05,0.089,0.008
101275,1.13,0.109,-0.011
101285,1.195,0.128,-0.029
101295,1.229,0.157,-0.036
101305,1.228,0.208,-0.044
101315,1.196,0.281,-0.038
101325,1.157,0.36,-0.024
101335,1.113,0.435,-0.003
101345,1.087,0.508,0.026
101355,1.084,0.583,0.053
101365,1.103,0.642,0.065
101375,1.143,0.675,0.082
101385,1.193,0.689,0.087
101395,1.233,0.693,0.091
101405,1.248,0.692,0.099
101415,1.246,0.676,0.104
101425,1.232,0.644,0.099
101435,1.24,0.617,0.1
101445,1.267,0.59,0.099
101455,1.318,0.558,0.108
101465,1.376,0.524,0.112
101475,1.422,0.491,0.124
101485,1.453,0.468,0.147
101495,1.467,0.457,0.17
101505,1.475,0.449,0.183
101515,1.479,0.443,0.192
101525,1.491,0.448,0.198
101535,1.511,0.472,0.213
101545,1.535,0.507,0.206
101555,1.567,0.57,0.181
101565,1.62,0.659,0.138
101575,1.695,0.774,0.089
101585,1.77,0.892,0.058
101595,1.795,0.997,0.038
101605,1.752,1.082,0.039
101615,1.653,1.135,0.065
101625,1.532,1.172,0.103
101635,1.41,1.183,0.166
101645,1.312,1.174,0.243
101655,1.214,1.147,0.303
101665,1.136,1.106,0.342
101675,1.096,1.057,0.362
101685,1.091,1.01,0.38
101695,1.109,0.967,0.384
101705,1.143,0.919,0.387
101715,1.19,0.864,0.389
101725,1.226,0.797,0.394
101735,1.247,0.741,0.405
101745,1.258,0.696,0.408
101755,1.25,0.649,0.392
101765,1.227,0.599,0.373
101775,1.189,0.551,0.364
101785,1.129,0.515,0.368
101795,1.059,0.5,0.377
101805,0.978,0.497,0.38
101815,0.899,0.511,0.377
101825,0.834,0.519,0.393
101835,0.778,0.514,0.427
101845,0.707,0.505,0.461
101855,0.617,0.496,0.479
101865,0.53,0.489,0.483
101875,0.458,0.484,0.471
101885,0.406,0.491,0.469
101895,0.37,0.494,0.472
101905,0.329,0.486,0.466
101915,0.265,0.459,0.475
101925,0.176,0.426,0.522
101935,0.083,0.407,0.586
101945,0.008,0.411,0.636
101955,-0.022,0.437,0.671
101965,-0.005,0.459,0.687
101975,0.048,0.47,0.692
101985,0.083,0.464,0.666
101995,0.077,0.462,0.622
102005,0.04,0.49,0.587
102015,0.013,0.525,0.568
102025,0.021,0.522,0.555
102035,0.042,0.502,0.554
102045,0.05,0.476,0.576
102055,0.023,0.45,0.605
102065,-0.017,0.422,0.63
102075,-0.05,0.409,0.639
102085,-0.079,0.404,0.621
102095,-0.103,0.394,0.575
102105,-0.145,0.381,0.514
102115,-0.186,0.357,0.455
102125,-0.216,0.318,0.419
102135,-0.238,0.271,0.442
102145,-0.276,0.224,0.478
102155,-0.276,0.224,0.478
102165,-0.327,0.209,0.494
102175,-0.402,0.202,0.492
102185,-0.464,0.208,0.486
102195,-0.479,0.205,0.477
102205,-0.48,0.182,0.488
102215,-0.465,0.126,0.477
102225,-0.451,0.055,0.474
102235,-0.446,-0.004,0.479
102245,-0.461,-0.026,0.498
102255,-0.477,-0.014,0.495
102265,-0.505,0.018,0.507
102275,-0.545,0.043,0.526
102285,-0.577,0.049,0.528
102295,-0.596,0.03,0.519
102305,-0.601,0.001,0.525
102315,-0.593,-0.036,0.518
102325,-0.592,-0.071,0.516
102335,-0.606,-0.088,0.503
102345,-0.63,-0.086,0.488
102355,-0.656,-0.062,0.481
102365,-0.677,-0.033,0.459
102375,-0.673,-0.006,0.445
102385,-0.654,-0.001,0.446
102395,-0.653,-0.018,0.454
102405,-0.669,-0.049,0.452
102415,-0.682,-0.069,0.445
102425,-0.684,-0.076,0.438
102435,-0.676,-0.078,0.415
102445,-0.645,-0.087,0.389
102455,-0.597,-0.109,0.33
102465,-0.557,-0.154,0.257
102475,-0.566,-0.219,0.216
102485,-0.638,-0.284,0.233
102495,-0.752,-0.307,0.251
102505,-0.885,-0.281,0.241
102515,-0.988,-0.213,0.208
102525,-1.017,-0.119,0.179
102535,-0.972,-0.041,0.145
102545,-0.912,-0.016,0.117
102555,-0.898,-0.034,0.086
102565,-0.913,-0.065,0.07
102575,-0.927,-0.079,0.07
102585,-0.917,-0.068,0.078
102595,-0.883,-0.048,0.073
102605,-0.833,-0.041,0.057
102615,-0.802,-0.035,0.044
102625,-0.801,-0.022,0.028
102635,-0.832,-0.013,0.009
102645,-0.876,-0.021,-0.031
102655,-0.889,-0.05,-0.053
102665,-0.862,-0.065,-0.064
102675,-0.819,-0.08,-0.064
102685,-0.807,-0.096,-0.073
102695,-0.829,-0.113,-0.079
102705,-0.861,-0.117,-0.066
102715,-0.906,-0.147,-0.078
102725,-0.935,-0.19,-0.078
102735,-0.942,-0.223,-0.063
102745,-0.898,-0.221,-0.052
102755,-0.812,-0.202,-0.056
102765,-0.719,-0.194,-0.074
102775,-0.673,-0.202,-0.098
102785,-0.699,-0.227,-0.112
102795,-0.781,-0.231,-0.083
102805,-0.898,-0.236,-0.055
102815,-0.992,-0.223,-0.032
102825,-1.014,-0.205,0.009
102835,-0.956,-0.184,0.045
102845,-0.856,-0.147,0.06
102855,-0.734,-0.083,0.062
102865,-0.617,-0.006,0.072
102875,-0.549,0.069,0.066
102885,-0.533,0.139,0.067
102895,-0.569,0.183,0.109
102905,-0.61,0.22,0.171
102915,-0.615,0.26,0.243
102925,-0.559,0.303,0.309
102935,-0.458,0.323,0.336
102945,-0.357,0.311,0.342
102955,-0.293,0.286,0.327
102965,-0.288,0.288,0.338
102975,-0.321,0.33,0.38
102985,-0.357,0.386,0.427
102995,-0.356,0.429,0.452
103005,-0.317,0.465,0.452
103015,-0.259,0.474,0.466
103025,-0.204,0.457,0.479
103035,-0.16,0.447,0.481
103045,-0.132,0.464,0.493
103055,-0.084,0.509,0.533
103065,-0.039,0.567,0.591
103075,0.011,0.622,0.63
103085,0.071,0.669,0.648
103095,0.142,0.699,0.671
103105,0.198,0.724,0.701
103115,0.226,0.73,0.707
103125,0.242,0.719,0.707
103135,0.255,0.719,0.707
103145,0.287,0.705,0.695
103155,0.322,0.709,0.683
103165,0.343,0.718,0.695
103175,0.353,0.732,0.688
103185,0.361,0.741,0.665
103195,0.383,0.758,0.664
103205,0.398,0.763,0.636
103215,0.428,0.745,0.641
103225,0.462,0.736,0.653
103235,0.487,0.746,0.625
103245,0.525,0.764,0.633
103255,0.593,0.794,0.66
103265,0.66,0.809,0.701
103275,0.719,0.79,0.776
103285,0.758,0.752,0.803
103295,0.791,0.709,0.809
103305,0.841,0.679,0.78
103315,0.899,0.655,0.762
103325,0.981,0.62,0.784
103335,1.035,0.567,0.755
103345,1.037,0.468,0.751
103355,1.031,0.353,0.775
103365,1.027,0.243,0.764
103375,1.025,0.146,0.735
103385,1.035,0.065,0.694
103395,1.062,0.008,0.656
103405,1.116,-0.035,0.652
103415,1.177,-0.066,0.664
103425,1.205,-0.1,0.675
103435,1.209,-0.153,0.669
103445,1.194,-0.201,0.635
103455,1.181,-0.219,0.586
103465,1.192,-0.192,0.546
103475,1.228,-0.122,0.524
103485,1.282,-0.065,0.509
103495,1.34,-0.03,0.473
103505,1.367,-0.022,0.439
103515,1.369,-0.04,0.41
103525,1.357,-0.053,0.372
103535,1.353,-0.056,0.327
103545,1.37,-0.076,0.291
103555,1.405,-0.124,0.241
103565,1.439,-0.184,0.199
103575,1.427,-0.243,0.184
103585,1.395,-0.285,0.197
103595,1.366,-0.304,0.204
103605,1.347,-0.3,0.196
103615,1.333,-0.321,0.15
103625,1.317,-0.337,0.118
103635,1.318,-0.363,0.106
103645,1.301,-0.399,0.067
103655,1.292,-0.481,0.04
103665,1.295,-0.571,0.041
103675,1.303,-0.616,0.053
103685,1.307,-0.6,0.093
103695,1.318,-0.547,0.097
103705,1.331,-0.513,0.073
103715,1.344,-0.523,0.055
103725,1.37,-0.525,0.055
103735,1.385,-0.503,0.062
103745,1.372,-0.456,0.094
103755,1.35,-0.375,0.12
103765,1.321,-0.28,0.136
103775,1.301,-0.173,0.142
103785,1.285,-0.091,0.157
103795,1.247,-0.036,0.154
103805,1.187,-0.02,0.134
103815,1.135,-0.026,0.146
103825,1.079,-0.016,0.159
103835,1.043,-0.008,0.191
103845,1.029,-0.005,0.227
103855,1.042,0.018,0.259
103865,1.084,0.061,0.275
103875,1.116,0.093,0.281
103885,1.126,0.117,0.289
103895,1.117,0.14,0.293
103905,1.103,0.176,0.306
103915,1.092,0.214,0.333
103925,1.095,0.235,0.367
103935,1.096,0.246,0.36
103945,1.089,0.255,0.338
103955,1.073,0.29,0.336
103965,1.067,0.35,0.386
103975,1.065,0.417,0.478
103985,1.056,0.472,0.559
103995,1.028,0.509,0.57
104005,0.987,0.537,0.554
104015,0.968,0.569,0.563
104025,1.017,0.622,0.574
104035,1.13,0.684,0.56
104045,1.259,0.758,0.524
104055,1.377,0.832,0.488
104065,1.465,0.892,0.458
104075,1.532,0.941,0.446
104085,1.575,0.98,0.446
104095,1.587,1.006,0.444
104105,1.587,1.006,0.444
104115,1.571,1.017,0.444
104125,1.559,1.024,0.455
104135,1.541,1.017,0.466
104145,1.514,1.002,0.457
104155,1.501,0.974,0.471
104165,1.527,0.951,0.493
104175,1.584,0.935,0.518
104185,1.644,0.922,0.51
104195,1.684,0.908,0.48
104205,1.693,0.907,0.443
104215,1.676,0.912,0.41
104225,1.642,0.916,0.391
104235,1.602,0.928,0.365
104245,1.571,0.946,0.341
104255,1.562,0.97,0.331
104265,1.556,0.995,0.318
104275,1.54,1.01,0.307
104285,1.51,1.008,0.317
104295,1.48,1.004,0.334
104305,1.465,1.01,0.352
104315,1.453,1.018,0.358
104325,1.435,1.008,0.339
104335,1.427,0.971,0.309
104345,1.44,0.929,0.295
104355,1.467,0.901,0.31
104365,1.492,0.878,0.365
104375,1.52,0.858,0.406
104385,1.528,0.841,0.43
104395,1.511,0.813,0.451
104405,1.462,0.776,0.456
104415,1.392,0.719,0.475
104425,1.316,0.662,0.461
104435,1.246,0.614,0.435
104445,1.204,0.597,0.419
104455,1.197,0.603,0.418
104465,1.195,0.601,0.418
104475,1.165,0.569,0.416
104485,1.096,0.517,0.445
104495,0.996,0.443,0.465
104505,0.866,0.36,0.461
104515,0.717,0.278,0.445
104525,0.568,0.22,0.414
104535,0.425,0.186,0.381
104545,0.306,0.185,0.362
104555,0.208,0.211,0.37
104565,0.127,0.251,0.386
104575,0.061,0.294,0.394
104585,-0.003,0.319,0.411
104595,-0.065,0.317,0.424
104605,-0.117,0.273,0.426
104615,-0.149,0.204,0.417
104625,-0.174,0.119,0.391
104635,-0.205,0.042,0.356
104645,-0.23,-0.002,0.323
104655,-0.263,-0.01,0.283
104665,-0.299,-0.018,0.252
104675,-0.344,-0.028,0.242
104685,-0.4,-0.042,0.263
104695,-0.44,-0.042,0.291
104705,-0.467,-0.027,0.309
104715,-0.487,-0.011,0.316
104725,-0.502,-0.006,0.305
104735,-0.517,-0.012,0.273
104745,-0.532,-0.034,0.25
104755,-0.56,-0.056,0.252
104765,-0.607,-0.074,0.267
104775,-0.67,-0.09,0.282
104785,-0.731,-0.107,0.275
104795,-0.77,-0.115,0.271
104805,-0.766,-0.114,0.282
104815,-0.726,-0.107,0.29
104825,-0.675,-0.102,0.276
104835,-0.648,-0.105,0.253
104845,-0.67,-0.102,0.212
104855,-0.72,-0.112,0.211
104865,-0.752,-0.128,0.202
104875,-0.719,-0.162,0.173
104885,-0.633,-0.233,0.169
104895,-0.539,-0.32,0.167
104905,-0.48,-0.415,0.18
104915,-0.462,-0.496,0.229
104925,-0.486,-0.541,0.272
104935,-0.537,-0.542,0.303
104945,-0.599,-0.523,0.315
104955,-0.655,-0.511,0.315
104965,-0.691,-0.532,0.296
104975,-0.706,-0.57,0.232
104985,-0.708,-0.593,0.158
104995,-0.709,-0.587,0.138
105005,-0.692,-0.533,0.155
105015,-0.662,-0.427,0.166
105025,-0.633,-0.304,0.17
105035,-0.61,-0.193,0.177
105045,-0.591,-0.103,0.174
105055,-0.562,-0.045,0.18
105065,-0.532,-0.02,0.187
105078,-0.512,-0.007,0.204
105088,-0.498,0.012,0.22
105098,-0.488,0.045,0.226
105108,-0.463,0.089,0.236
105118,-0.427,0.154,0.256
105128,-0.382,0.249,0.227
105138,-0.34,0.376,0.197
105148,-0.319,0.556,0.168
105158,-0.326,0.759,0.105
105168,-0.373,0.964,0.067
105178,-0.427,1.124,0.053
105188,-0.462,1.196,0.019
105198,-0.475,1.171,-0.014
105208,-0.471,1.113,-0.048
105218,-0.509,1.081,-0.08
105228,-0.598,1.085,-0.007
105238,-0.686,1.092,0.063
105248,-0.72,1.051,0.062
105258,-0.674,0.991,0.004
105268,-0.611,0.928,-0.053
105278,-0.577,0.894,-0.063
105288,-0.578,0.884,-0.084
105298,-0.596,0.859,-0.067
105308,-0.603,0.83,-0.094
105318,-0.609,0.816,-0.167
105328,-0.595,0.851,-0.2
105338,-0.584,0.907,-0.222
105348,-0.565,0.967,-0.262
105358,-0.537,1.014,-0.269
105368,-0.493,1.042,-0.205
105378,-0.423,1.017,-0.1
105388,-0.423,1.017,-0.004
105398,-0.324,0.924,-0.016
105408,-0.229,0.792,0.072
105418,-0.153,0.673,0.111
105428,-0.099,0.598,0.155
105438,-0.077,0.586,0.202
105448,-0.05,0.627,0.261
105458,-0.039,0.66,0.303
105468,-0.006,0.651,0.291
105478,0.061,0.635,0.276
105488,0.142,0.644,0.259
105498,0.217,0.692,0.248
105508,0.281,0.771,0.224
105518,0.337,0.871,0.213
105528,0.377,0.958,0.177
105538,0.403,1.006,0.113
105548,0.437,1.011,0.062
105558,0.473,0.985,0.018
105568,0.508,0.958,0.011
105578,0.567,0.951,0.08
105588,0.64,0.964,0.168
105598,0.703,0.954,0.215
105608,0.782,0.912,0.251
105618,0.864,0.831,0.284
105628,0.94,0.722,0.37
105638,1.01,0.603,0.488
105648,1.047,0.497,0.503
105658,1.049,0.403,0.463
105668,1.063,0.34,0.431
105678,1.137,0.311,0.469
105688,1.27,0.319,0.554
105698,1.371,0.34,0.603
105708,1.385,0.332,0.639
105718,1.318,0.321,0.642
105728,1.224,0.32,0.593
105738,1.164,0.337,0.543
105748,1.196,0.361,0.574
105758,1.317,0.38,0.607
105768,1.432,0.367,0.591
105778,1.479,0.306,0.586
105788,1.461,0.228,0.576
105798,1.407,0.17,0.548
105808,1.348,0.144,0.508
105818,1.313,0.154,0.465
105828,1.333,0.167,0.458
105838,1.436,0.181,0.462
105848,1.541,0.183,0.448
105858,1.584,0.14,0.432
105868,1.573,0.066,0.406
105878,1.541,0.002,0.392
105888,1.493,-0.045,0.377
105898,1.447,-0.063,0.354
105908,1.415,-0.064,0.32
105918,1.396,-0.06,0.275
105928,1.382,-0.08,0.227
105938,1.369,-0.118,0.187
105948,1.375,-0.166,0.15
105958,1.386,-0.201,0.131
105968,1.405,-0.2,0.125
105978,1.439,-0.173,0.14
105988,1.458,-0.154,0.14
105998,1.454,-0.166,0.13
106008,1.431,-0.194,0.135
106018,1.395,-0.228,0.153
106028,1.348,-0.268,0.18
106038,1.318,-0.287,0.213
106048,1.314,-0.257,0.247
106058,1.324,-0.187,0.28
106068,1.348,-0.091,0.307
106078,1.359,-0.021,0.331
106088,1.341,-0.007,0.344
106098,1.293,-0.034,0.326
106108,1.239,-0.066,0.294
106118,1.208,-0.068,0.267
106128,1.211,-0.035,0.258
106138,1.232,0.028,0.257
106148,1.25,0.095,0.261
106158,1.26,0.162,0.265
106168,1.265,0.215,0.274
106178,1.26,0.246,0.289
106188,1.25,0.232,0.298
106198,1.238,0.19,0.289
106208,1.234,0.154,0.274
106218,1.234,0.137,0.26
106228,1.228,0.126,0.249
106238,1.215,0.132,0.241
106248,1.195,0.148,0.242
106258,1.184,0.174,0.257
106268,1.177,0.195,0.285
106278,1.185,0.218,0.303
106288,1.196,0.228,0.305
106298,1.21,0.229,0.309
106308,1.228,0.223,0.3
106318,1.237,0.224,0.29
106328,1.236,0.234,0.294
106338,1.215,0.269,0.318
106348,1.182,0.31,0.331
106358,1.149,0.357,0.338
106368,1.134,0.406,0.339
106378,1.134,0.406,0.339
106388,1.134,0.437,0.341
106398,1.147,0.464,0.333
106408,1.163,0.495,0.349
106418,1.172,0.528,0.334
106428,1.145,0.561,0.32
106438,1.13,0.591,0.292
106448,1.106,0.632,0.296
106458,1.094,0.674,0.308
106468,1.08,0.708,0.321
106478,1.068,0.734,0.331
106488,1.061,0.747,0.344
106498,1.067,0.761,0.38
106508,1.074,0.774,0.421
106518,1.073,0.792,0.459
106528,1.058,0.809,0.492
106538,1.031,0.828,0.515
106548,0.994,0.852,0.542
106558,0.956,0.882,0.546
106568,0.937,0.912,0.523
106578,0.951,0.941,0.511
106588,0.982,0.961,0.522
106598,1.013,0.962,0.532
106608,1.03,0.949,0.531
106618,1.037,0.936,0.548
106628,1.041,0.926,0.588
106638,1.037,0.936,0.618
106648,1.028,0.954,0.631
106658,1.013,0.974,0.643
106668,0.996,0.982,0.653
106678,0.973,0.961,0.64
106688,0.965,0.931,0.635
106698,0.989,0.917,0.654
106708,1.019,0.918,0.691
106718,1.026,0.923,0.713
106728,1.011,0.93,0.728
106738,0.976,0.926,0.755
106748,0.927,0.911,0.753
106758,0.887,0.89,0.742
106768,0.875,0.863,0.717
106778,0.879,0.824,0.676
106788,0.886,0.783,0.649
106798,0.884,0.722,0.628
106808,0.881,0.665,0.616
106818,0.869,0.631,0.625
106828,0.841,0.617,0.637
106838,0.797,0.621,0.649
106848,0.744,0.635,0.65
106858,0.68,0.639,0.626
106868,0.629,0.631,0.592
106878,0.583,0.614,0.558
106888,0.543,0.591,0.556
106898,0.508,0.555,0.587
106908,0.472,0.5,0.617
106918,0.426,0.437,0.638
106928,0.366,0.381,0.644
106938,0.302,0.345,0.641
106948,0.238,0.319,0.645
106958,0.187,0.305,0.657
106968,0.148,0.306,0.668
106978,0.114,0.318,0.682
106988,0.089,0.325,0.691
106998,0.07,0.319,0.67
