timestamp_ms,ax_g,ay_g,az_g
78007,-1.161,-0.263,0.115
78017,-1.202,-0.257,0.059
78027,-1.236,-0.224,0.024
78037,-1.253,-0.168,-0.012
78047,-1.262,-0.116,-0.075
78057,-1.288,-0.085,-0.147
78067,-1.329,-0.083,-0.196
78077,-1.37,-0.081,-0.228
78087,-1.41,-0.077,-0.224
78097,-1.45,-0.074,-0.2
78107,-1.476,-0.09,-0.161
78117,-1.484,-0.114,-0.121
78127,-1.482,-0.125,-0.112
78137,-1.489,-0.126,-0.146
78147,-1.502,-0.098,-0.211
78157,-1.522,-0.03,-0.303
78167,-1.554,0.035,-0.367
78177,-1.58,0.064,-0.356
78187,-1.577,0.05,-0.295
78197,-1.552,0.026,-0.245
78207,-1.518,0.014,-0.237
78217,-1.491,0.039,-0.252
78227,-1.463,0.104,-0.289
78237,-1.439,0.174,-0.335
78247,-1.413,0.219,-0.378
78257,-1.387,0.237,-0.394
78267,-1.354,0.215,-0.384
78277,-1.317,0.186,-0.354
78287,-1.281,0.182,-0.33
78297,-1.252,0.195,-0.306
78307,-1.219,0.228,-0.285
78317,-1.186,0.252,-0.269
78327,-1.169,0.253,-0.232
78337,-1.16,0.235,-0.182
78347,-1.146,0.203,-0.115
78357,-1.122,0.177,-0.029
78367,-1.096,0.155,0.073
78377,-1.078,0.122,0.176
78387,-1.055,0.081,0.249
78397,-1.041,0.05,0.293
78407,-1.036,0.045,0.31
78417,-1.031,0.057,0.329
78427,-1.011,0.078,0.378
78437,-0.979,0.108,0.434
78447,-0.91,0.165,0.465
78457,-0.821,0.218,0.479
78467,-0.762,0.23,0.526
78477,-0.746,0.201,0.569
78487,-0.737,0.201,0.569
78497,-0.716,0.167,0.603
78507,-0.681,0.132,0.61
78517,-0.622,0.115,0.615
78527,-0.586,0.099,0.6
78537,-0.494,0.121,0.556
78547,-0.453,0.124,0.534
78557,-0.461,0.105,0.535
78567,-0.499,0.094,0.545
78577,-0.558,0.091,0.531
78587,-0.603,0.098,0.507
78597,-0.64,0.119,0.482
78607,-0.673,0.144,0.468
78617,-0.687,0.165,0.472
78627,-0.676,0.179,0.513
78637,-0.634,0.165,0.593
78647,-0.597,0.111,0.685
78657,-0.583,0.048,0.753
78667,-0.584,-0.005,0.762
78677,-0.592,-0.002,0.718
78687,-0.596,0.062,0.658
78697,-0.57,0.166,0.638
78707,-0.513,0.257,0.656
78717,-0.444,0.265,0.744
78727,-0.361,0.199,0.846
78737,-0.279,0.097,0.926
78747,-0.203,0.002,0.955
78757,-0.146,-0.053,0.954
78767,-0.14,-0.058,0.954
78777,-0.169,-0.034,0.947
78787,-0.164,0.008,0.891
78797,-0.123,0.046,0.844
78807,-0.062,0.059,0.786
78817,0.024,0.026,0.767
78827,0.086,0.011,0.755
78837,0.115,-0.013,0.749
78847,0.152,-0.034,0.702
78857,0.169,-0.048,0.669
78867,0.128,-0.052,0.574
78877,0.074,-0.056,0.494
78887,0.02,-0.044,0.444
78897,-0.024,-0.045,0.411
78907,-0.043,-0.059,0.388
78917,-0.047,-0.089,0.38
78927,-0.063,-0.124,0.377
78937,-0.094,-0.135,0.363
78947,-0.105,-0.094,0.351
78957,-0.082,-0.012,0.323
78967,-0.039,0.079,0.268
78977,0.012,0.135,0.207
78987,0.025,0.13,0.199
78997,-0.027,0.068,0.234
79007,-0.093,0.017,0.281
79017,-0.139,-0.01,0.329
79027,-0.141,-0.018,0.353
79037,-0.107,-0.012,0.359
79047,-0.071,-0.016,0.378
79057,-0.072,-0.043,0.391
79067,-0.134,-0.099,0.386
79077,-0.273,-0.173,0.403
79087,-0.415,-0.229,0.441
79097,-0.519,-0.252,0.477
79107,-0.582,-0.263,0.511
79117,-0.589,-0.26,0.524
79127,-0.553,-0.246,0.527
79137,-0.52,-0.248,0.581
79147,-0.533,-0.291,0.675
79157,-0.584,-0.332,0.713
79167,-0.639,-0.329,0.648
79177,-0.628,-0.242,0.511
79187,-0.591,-0.186,0.456
79197,-0.543,-0.171,0.464
79207,-0.512,-0.199,0.52
79217,-0.518,-0.26,0.597
79227,-0.578,-0.355,0.713
79237,-0.678,-0.458,0.863
79247,-0.787,-0.502,0.909
79257,-0.809,-0.448,0.726
79267,-0.773,-0.329,0.506
79277,-0.674,-0.25,0.482
79287,-0.712,-0.121,0.354
79297,-0.772,-0.108,0.413
79307,-0.886,-0.218,0.62
79317,-1.022,-0.377,0.813
79327,-1.126,-0.499,0.906
79337,-1.181,-0.564,0.928
79347,-1.175,-0.541,0.823
79357,-1.12,-0.415,0.572
79367,-1.03,-0.236,0.336
79377,-0.97,-0.058,0.262
79387,-1.007,0.063,0.367
79397,-1.132,0.031,0.54
79407,-1.278,-0.108,0.674
79417,-1.278,-0.108,0.674
79427,-1.401,-0.302,0.722
79437,-1.456,-0.431,0.724
79447,-1.44,-0.47,0.713
79457,-1.36,-0.425,0.701
79467,-1.276,-0.339,0.689
79477,-1.215,-0.271,0.709
79487,-1.183,-0.254,0.75
79497,-1.188,-0.296,0.789
79507,-1.215,-0.384,0.826
79517,-1.235,-0.471,0.842
79527,-1.226,-0.526,0.837
79537,-1.196,-0.523,0.827
79547,-1.166,-0.47,0.829
79557,-1.141,-0.39,0.857
79567,-1.122,-0.316,0.882
79577,-1.1,-0.293,0.89
79587,-1.101,-0.344,0.874
79597,-1.115,-0.458,0.832
79607,-1.116,-0.566,0.768
79617,-1.086,-0.618,0.707
79627,-1.021,-0.594,0.65
79637,-0.929,-0.481,0.574
79647,-0.826,-0.328,0.473
79657,-0.753,-0.264,0.418
79667,-0.752,-0.368,0.415
79677,-0.795,-0.583,0.465
79687,-0.834,-0.81,0.532
79697,-0.828,-0.956,0.549
79707,-0.778,-1.027,0.525
79717,-0.705,-1.042,0.501
79727,-0.642,-1.04,0.504
79737,-0.601,-1.019,0.502
79747,-0.604,-0.974,0.505
79757,-0.619,-0.94,0.468
79767,-0.651,-0.982,0.38
79777,-0.686,-1.103,0.322
79787,-0.708,-1.189,0.319
79797,-0.697,-1.132,0.373
79807,-0.668,-0.943,0.381
79817,-0.648,-0.731,0.363
79827,-0.656,-0.62,0.353
79837,-0.692,-0.65,0.361
79847,-0.724,-0.76,0.376
79857,-0.718,-0.862,0.352
79867,-0.679,-0.897,0.287
79877,-0.615,-0.849,0.218
79887,-0.56,-0.748,0.143
79897,-0.522,-0.635,0.095
79907,-0.512,-0.55,0.07
79917,-0.544,-0.491,0.063
79927,-0.646,-0.465,0.096
79937,-0.806,-0.459,0.184
79947,-0.94,-0.48,0.326
79957,-1.008,-0.505,0.403
79967,-1.042,-0.48,0.39
79977,-1.037,-0.419,0.312
79987,-1.022,-0.438,0.175
79997,-1.024,-0.589,0.038
80007,-1.081,-0.834,-0.029
80017,-1.166,-1.085,-0.007
80027,-1.241,-1.21,0.027
80037,-1.264,-1.157,-0.013
80047,-1.24,-0.96,-0.113
80057,-1.195,-0.707,-0.197
80067,-1.151,-0.45,-0.218
80077,-1.122,-0.244,-0.161
80087,-1.107,-0.137,-0.073
80097,-1.134,-0.176,-0.055
80107,-1.186,-0.348,-0.088
80117,-1.25,-0.576,-0.127
80127,-1.285,-0.751,-0.146
80137,-1.277,-0.784,-0.145
80147,-1.244,-0.687,-0.16
80157,-1.216,-0.512,-0.199
80167,-1.224,-0.337,-0.205
80177,-1.274,-0.217,-0.14
80187,-1.342,-0.187,-0.051
80197,-1.384,-0.244,-0.033
80207,-1.401,-0.325,-0.109
80217,-1.385,-0.359,-0.219
80227,-1.364,-0.306,-0.282
80237,-1.362,-0.182,-0.262
80247,-1.38,-0.067,-0.157
80257,-1.404,-0.009,-0.027
80267,-1.408,-0.012,0.038
80277,-1.396,-0.05,-0.022
80287,-1.382,-0.088,-0.155
80297,-1.374,-0.109,-0.253
80307,-1.368,-0.082,-0.262
80317,-1.374,-0.023,-0.198
80327,-1.379,0.028,-0.093
80337,-1.39,0.032,0.008
80347,-1.406,-0.023,0.091
80357,-1.397,-0.023,0.091
80367,-1.394,-0.109,0.1
80377,-1.363,-0.198,0.073
80387,-1.322,-0.232,0.018
80397,-1.287,-0.205,-0.022
80407,-1.27,-0.172,0.027
80417,-1.265,-0.147,0.121
80427,-1.264,-0.121,0.247
80437,-1.245,-0.108,0.336
80447,-1.21,-0.107,0.37
80457,-1.173,-0.11,0.37
80467,-1.132,-0.12,0.341
80477,-1.087,-0.121,0.327
80487,-1.044,-0.086,0.338
80497,-1.0,-0.032,0.375
80507,-0.959,0.015,0.444
80517,-0.925,0.025,0.528
80527,-0.903,0.005,0.625
80537,-0.88,-0.035,0.685
80547,-0.845,-0.075,0.695
80557,-0.777,-0.086,0.669
80567,-0.68,-0.06,0.632
80577,-0.589,-0.027,0.609
80587,-0.485,0.012,0.59
80597,-0.437,-0.004,0.618
80607,-0.436,-0.047,0.642
80617,-0.449,-0.069,0.619
80627,-0.442,-0.067,0.584
80637,-0.426,-0.066,0.565
80647,-0.392,-0.062,0.54
80657,-0.352,-0.058,0.52
80667,-0.326,-0.064,0.526
80677,-0.341,-0.078,0.524
80687,-0.379,-0.092,0.502
80697,-0.42,-0.097,0.476
80707,-0.423,-0.079,0.419
80717,-0.356,-0.026,0.365
80727,-0.266,0.038,0.345
80737,-0.192,0.114,0.367
80747,-0.11,0.16,0.448
80757,-0.041,0.17,0.524
80767,0.017,0.136,0.531
80777,0.051,0.064,0.491
80787,0.06,-0.031,0.464
80797,0.043,-0.127,0.47
80807,0.035,-0.23,0.482
80817,0.046,-0.308,0.531
80827,0.057,-0.339,0.63
80837,0.043,-0.299,0.714
80847,0.042,-0.192,0.595
80857,0.035,-0.053,0.456
80867,0.036,0.076,0.379
80877,0.045,0.159,0.345
80887,0.042,0.183,0.344
80897,0.039,0.151,0.353
80907,0.022,0.084,0.371
80917,0.0,0.018,0.381
80927,-0.033,-0.024,0.355
80937,-0.098,-0.07,0.345
80947,-0.157,-0.097,0.305
80957,-0.179,-0.1,0.262
80967,-0.156,-0.097,0.226
80977,-0.131,-0.112,0.223
80987,-0.14,-0.158,0.236
80997,-0.197,-0.234,0.263
81007,-0.274,-0.306,0.278
81017,-0.332,-0.346,0.27
81027,-0.351,-0.347,0.263
81037,-0.344,-0.313,0.231
81047,-0.358,-0.32,0.218
81057,-0.431,-0.393,0.238
81067,-0.555,-0.507,0.294
81077,-0.736,-0.625,0.381
81087,-0.919,-0.695,0.453
81097,-1.138,-0.719,0.507
81107,-1.242,-0.616,0.494
81117,-1.227,-0.493,0.464
81127,-1.134,-0.369,0.411
81137,-1.069,-0.325,0.424
81147,-1.119,-0.381,0.541
81157,-1.233,-0.422,0.669
81167,-1.334,-0.384,0.77
81177,-1.363,-0.304,0.826
81187,-1.293,-0.217,0.793
81197,-1.148,-0.136,0.655
81207,-1.011,-0.101,0.561
81217,-0.981,-0.173,0.641
81227,-1.055,-0.311,0.817
81237,-1.163,-0.424,0.964
81247,-1.26,-0.508,1.049
81257,-1.317,-0.537,1.048
81267,-1.327,-0.514,0.97
81277,-1.28,-0.425,0.855
81287,-1.28,-0.425,0.855
81297,-1.161,-0.279,0.713
81307,-1.037,-0.101,0.603
81317,-0.959,0.057,0.605
81327,-0.949,0.115,0.773
81337,-1.017,0.054,0.912
81347,-1.106,-0.095,0.957
81357,-1.225,-0.233,0.975
81367,-1.286,-0.387,0.964
81377,-1.289,-0.472,0.898
81387,-1.24,-0.489,0.804
81397,-1.146,-0.429,0.77
81407,-1.053,-0.286,0.788
81417,-0.991,-0.072,0.814
81427,-0.98,0.165,0.789
81437,-0.996,0.381,0.746
81447,-1.033,0.544,0.719
81457,-1.051,0.642,0.677
81467,-1.047,0.67,0.669
81477,-1.041,0.594,0.713
81487,-1.044,0.436,0.776
81497,-1.04,0.229,0.806
81507,-1.031,0.012,0.853
81517,-0.994,-0.145,0.89
81530,-0.907,-0.296,0.862
81540,-0.894,-0.294,0.86
81550,-0.893,-0.257,0.852
81560,-0.878,-0.213,0.843
81570,-0.878,-0.213,0.795
81580,-0.871,-0.178,0.796
81590,-0.865,-0.146,0.766
81600,-0.87,-0.124,0.723
81610,-0.88,-0.128,0.685
81620,-0.89,-0.16,0.639
81630,-0.871,-0.224,0.639
81640,-0.849,-0.31,0.656
81650,-0.816,-0.407,0.678
81660,-0.77,-0.503,0.687
81670,-0.75,-0.595,0.712
81680,-0.731,-0.649,0.71
81690,-0.732,-0.663,0.687
81700,-0.748,-0.633,0.671
81710,-0.786,-0.579,0.646
81720,-0.788,-0.552,0.59
81730,-0.766,-0.578,0.536
81740,-0.728,-0.599,0.529
81750,-0.675,-0.617,0.51
81760,-0.618,-0.63,0.49
81770,-0.587,-0.659,0.483
81780,-0.584,-0.708,0.487
81790,-0.595,-0.742,0.492
81800,-0.611,-0.75,0.451
81810,-0.626,-0.703,0.389
81820,-0.622,-0.604,0.316
81830,-0.629,-0.487,0.299
81840,-0.659,-0.405,0.327
81850,-0.717,-0.422,0.37
81860,-0.762,-0.522,0.408
81870,-0.805,-0.63,0.462
81880,-0.831,-0.692,0.529
81890,-0.829,-0.692,0.543
81900,-0.827,-0.654,0.531
81910,-0.836,-0.617,0.508
81920,-0.857,-0.604,0.5
81930,-0.857,-0.61,0.454
81940,-0.845,-0.628,0.421
81950,-0.824,-0.629,0.441
81960,-0.804,-0.613,0.498
81970,-0.802,-0.594,0.586
81980,-0.805,-0.551,0.605
81990,-0.824,-0.49,0.573
82000,-0.873,-0.457,0.518
82010,-0.946,-0.497,0.467
82020,-1.006,-0.578,0.432
82030,-1.019,-0.627,0.414
82040,-1.004,-0.605,0.399
82050,-1.015,-0.532,0.388
82060,-1.051,-0.434,0.366
82070,-1.117,-0.35,0.343
82080,-1.19,-0.32,0.309
82090,-1.243,-0.345,0.288
82100,-1.249,-0.375,0.249
82110,-1.214,-0.371,0.197
82120,-1.188,-0.325,0.147
82130,-1.206,-0.272,0.134
82140,-1.263,-0.22,0.153
82150,-1.311,-0.18,0.148
82160,-1.337,-0.18,0.109
82170,-1.363,-0.225,0.067
82180,-1.392,-0.306,0.024
82190,-1.408,-0.363,-0.007
82200,-1.404,-0.362,-0.033
82210,-1.374,-0.293,-0.072
82220,-1.345,-0.18,-0.105
82230,-1.329,-0.078,-0.141
82240,-1.324,0.001,-0.192
82250,-1.344,0.042,-0.233
82260,-1.384,0.054,-0.253
82270,-1.44,0.029,-0.255
82280,-1.477,-0.021,-0.249
82290,-1.488,-0.085,-0.237
82300,-1.477,-0.134,-0.215
82310,-1.443,-0.154,-0.195
82320,-1.381,-0.137,-0.194
82330,-1.298,-0.088,-0.226
82340,-1.218,-0.007,-0.265
82350,-1.175,0.094,-0.266
82360,-1.171,0.185,-0.249
82370,-1.2,0.243,-0.207
82380,-1.232,0.262,-0.158
82390,-1.244,0.216,-0.118
82400,-1.244,0.129,-0.085
82410,-1.242,0.054,-0.042
82420,-1.213,0.02,0.007
82430,-1.171,0.021,0.046
82440,-1.127,0.051,0.062
82450,-1.087,0.111,0.052
82460,-1.064,0.182,0.028
82470,-1.053,0.26,0.027
82480,-1.049,0.342,0.072
82490,-1.047,0.395,0.156
82500,-1.047,0.395,0.156
82510,-1.043,0.404,0.265
82520,-1.047,0.364,0.342
82530,-1.042,0.298,0.377
82540,-1.021,0.218,0.39
82550,-1.0,0.172,0.389
82560,-0.954,0.168,0.375
82570,-0.917,0.198,0.37
82580,-0.903,0.233,0.365
82590,-0.909,0.27,0.368
82600,-0.935,0.301,0.37
82610,-0.965,0.311,0.345
82620,-0.974,0.305,0.3
82630,-0.948,0.289,0.245
82640,-0.906,0.278,0.205
82650,-0.864,0.268,0.196
82660,-0.828,0.256,0.212
82670,-0.793,0.244,0.225
82680,-0.748,0.23,0.241
82690,-0.702,0.22,0.254
82700,-0.664,0.218,0.264
82710,-0.629,0.23,0.275
82720,-0.6,0.252,0.271
82730,-0.557,0.286,0.253
82740,-0.507,0.32,0.237
82750,-0.453,0.327,0.238
82760,-0.396,0.31,0.253
82770,-0.35,0.284,0.272
82780,-0.324,0.264,0.298
82790,-0.336,0.238,0.338
82800,-0.368,0.219,0.373
82810,-0.406,0.21,0.403
82820,-0.429,0.214,0.438
82830,-0.44,0.238,0.464
82840,-0.43,0.276,0.477
82850,-0.397,0.31,0.476
82860,-0.351,0.321,0.485
82870,-0.292,0.307,0.517
82880,-0.223,0.278,0.537
82890,-0.158,0.236,0.542
82900,-0.113,0.182,0.553
82910,-0.091,0.138,0.555
82920,-0.083,0.106,0.551
82930,-0.079,0.094,0.546
82940,-0.09,0.077,0.557
82950,-0.113,0.076,0.566
82960,-0.138,0.089,0.555
82970,-0.153,0.096,0.523
82980,-0.144,0.096,0.477
82990,-0.109,0.102,0.454
83000,-0.069,0.087,0.462
83010,-0.019,0.091,0.451
83020,0.009,0.072,0.424
83030,0.026,0.041,0.393
83040,0.015,-0.02,0.383
83050,-0.012,-0.113,0.39
83060,-0.07,-0.22,0.409
83070,-0.151,-0.316,0.45
83080,-0.239,-0.372,0.513
83090,-0.34,-0.393,0.595
83100,-0.413,-0.377,0.64
83110,-0.472,-0.332,0.609
83120,-0.51,-0.269,0.527
83130,-0.528,-0.233,0.448
83140,-0.545,-0.259,0.408
83150,-0.571,-0.348,0.416
83160,-0.608,-0.449,0.471
83170,-0.669,-0.526,0.54
83180,-0.738,-0.565,0.586
83190,-0.82,-0.549,0.6
83200,-0.891,-0.489,0.592
83210,-0.939,-0.414,0.595
83220,-0.958,-0.33,0.57
83230,-0.961,-0.268,0.539
83240,-0.968,-0.256,0.543
83250,-0.993,-0.301,0.571
83260,-1.016,-0.39,0.588
83270,-1.039,-0.486,0.613
83280,-1.057,-0.544,0.67
83290,-1.068,-0.558,0.726
83300,-1.067,-0.547,0.747
83310,-1.065,-0.528,0.732
83320,-1.061,-0.519,0.706
83330,-1.046,-0.514,0.691
83340,-1.008,-0.503,0.685
83350,-0.955,-0.474,0.693
83360,-0.912,-0.429,0.703
83370,-0.899,-0.37,0.716
83380,-0.931,-0.302,0.759
83390,-1.008,-0.246,0.833
83400,-1.099,-0.186,0.844
83410,-1.164,-0.114,0.809
83420,-1.164,-0.06,0.79
83430,-1.166,-0.06,0.79
83440,-1.133,-0.053,0.776
83450,-1.08,-0.113,0.778
83460,-1.031,-0.196,0.808
83470,-0.983,-0.275,0.828
83480,-0.95,-0.343,0.862
83490,-0.943,-0.389,0.88
83500,-0.943,-0.437,0.884
83510,-0.98,-0.476,0.874
83520,-1.007,-0.502,0.85
83530,-1.029,-0.538,0.845
83540,-1.031,-0.564,0.844
83550,-1.012,-0.561,0.822
83560,-0.962,-0.521,0.791
83570,-0.923,-0.453,0.771
83580,-0.889,-0.368,0.742
83590,-0.869,-0.307,0.72
83600,-0.871,-0.278,0.718
83610,-0.87,-0.27,0.711
83620,-0.871,-0.311,0.719
83630,-0.874,-0.36,0.72
83640,-0.87,-0.397,0.688
83650,-0.859,-0.406,0.652
83660,-0.834,-0.384,0.627
83670,-0.789,-0.34,0.616
83680,-0.728,-0.31,0.608
83690,-0.69,-0.314,0.628
83700,-0.675,-0.351,0.617
83710,-0.716,-0.424,0.661
83720,-0.808,-0.517,0.728
83730,-0.892,-0.677,0.773
83740,-0.924,-0.871,0.761
83750,-0.883,-1.01,0.712
83760,-0.784,-1.02,0.638
83770,-0.665,-0.933,0.611
83780,-0.545,-0.869,0.588
83790,-0.469,-0.899,0.555
83800,-0.45,-0.992,0.568
83810,-0.457,-1.063,0.555
83820,-0.485,-1.057,0.568
83830,-0.535,-0.996,0.666
83840,-0.516,-0.994,0.805
83850,-0.49,-0.903,0.735
83860,-0.398,-0.699,0.794
83870,-0.352,-0.44,1.01
83880,-0.395,-0.345,1.042
83890,-0.452,-0.418,0.79
83900,-0.471,-0.529,0.511
83910,-0.508,-0.562,0.405
83920,-0.517,-0.454,0.408
83930,-0.449,-0.28,0.366
83940,-0.397,-0.21,0.325
83950,-0.41,-0.291,0.286
83960,-0.47,-0.439,0.294
83970,-0.554,-0.596,0.356
83980,-0.648,-0.723,0.418
83990,-0.72,-0.777,0.443
84000,-0.749,-0.745,0.393
84010,-0.724,-0.655,0.321
84020,-0.681,-0.55,0.264
84030,-0.646,-0.48,0.228
84040,-0.655,-0.45,0.216
84050,-0.725,-0.45,0.249
84060,-0.86,-0.484,0.308
84070,-1.026,-0.555,0.369
84080,-1.156,-0.624,0.386
84090,-1.212,-0.673,0.361
84100,-1.231,-0.7,0.317
84110,-1.267,-0.666,0.299
84120,-1.333,-0.537,0.306
84130,-1.39,-0.336,0.309
84140,-1.395,-0.173,0.32
84150,-1.32,-0.101,0.331
84160,-1.231,-0.112,0.297
84170,-1.19,-0.174,0.238
84180,-1.194,-0.241,0.176
84190,-1.217,-0.285,0.141
84200,-1.262,-0.284,0.116
84210,-1.318,-0.214,0.087
84220,-1.374,-0.101,0.068
84230,-1.414,-0.025,0.087
84240,-1.44,-0.06,0.129
84250,-1.484,-0.202,0.148
84260,-1.521,-0.389,0.134
84270,-1.534,-0.544,0.091
84280,-1.501,-0.608,0.027
84290,-1.43,-0.542,-0.052
84300,-1.351,-0.363,-0.128
84310,-1.307,-0.115,-0.218
84320,-1.32,0.166,-0.319
84330,-1.36,0.396,-0.402
84340,-1.4,0.473,-0.433
84350,-1.4,0.345,-0.369
84360,-1.461,0.345,-0.372
84370,-1.529,0.073,-0.223
84380,-1.559,-0.196,-0.049
84390,-1.534,-0.344,0.023
84400,-1.48,-0.327,-0.063
84410,-1.434,-0.181,-0.221
84420,-1.408,0.013,-0.322
84430,-1.371,0.159,-0.35
84440,-1.323,0.227,-0.31
84450,-1.267,0.219,-0.216
84460,-1.207,0.144,-0.106
84470,-1.146,0.038,0.002
84480,-1.092,-0.049,0.081
84490,-1.046,-0.099,0.138
84500,-1.028,-0.09,0.203
84510,-1.029,-0.051,0.27
84520,-1.033,-0.007,0.289
84530,-1.029,0.027,0.252
84540,-1.029,0.066,0.213
84550,-1.028,0.094,0.216
84560,-1.025,0.105,0.283
84570,-0.997,0.12,0.372
84580,-0.956,0.175,0.421
84590,-0.913,0.254,0.428
84600,-0.874,0.321,0.44
84610,-0.837,0.345,0.469
84620,-0.8,0.323,0.512
84630,-0.772,0.273,0.537
84640,-0.751,0.211,0.558
84650,-0.742,0.165,0.585
84660,-0.753,0.138,0.624
84670,-0.77,0.139,0.65
84680,-0.779,0.151,0.642
84690,-0.773,0.164,0.612
84700,-0.762,0.166,0.571
84710,-0.762,0.166,0.531
84720,-0.783,0.179,0.505
84730,-0.816,0.208,0.482
84740,-0.849,0.239,0.452
84750,-0.873,0.254,0.436
84760,-0.886,0.246,0.427
84770,-0.889,0.216,0.409
84780,-0.887,0.18,0.394
84790,-0.877,0.144,0.382
84800,-0.868,0.097,0.393
84810,-0.86,0.036,0.436
84820,-0.858,-0.024,0.503
84830,-0.856,-0.045,0.545
84840,-0.861,-0.019,0.523
84850,-0.872,0.023,0.464
84860,-0.864,0.07,0.38
84870,-0.835,0.104,0.326
84880,-0.785,0.135,0.331
84890,-0.708,0.159,0.381
84900,-0.609,0.201,0.452
84910,-0.501,0.257,0.516
84920,-0.399,0.301,0.552
84930,-0.322,0.294,0.561
84940,-0.275,0.226,0.565
84950,-0.256,0.17,0.539
84960,-0.242,0.143,0.512
84970,-0.218,0.172,0.469
84980,-0.184,0.233,0.43
84990,-0.168,0.282,0.455
85000,-0.155,0.305,0.48
